Psi0: 0.1234927494127524
V0: 0.0
X0: 1.8014535903930664
Y0: 26.060129165649418
lat0: 1.8014535903930664
lon0: 26.060129165649418
yaw0: 0.0
