Psi0: 0.076060645086585
V0: 0.0
X0: -6.018651962280273
Y0: 25.161001205444336
lat0: -6.018651962280273
lon0: 25.161001205444336
yaw0: 0.0
