Psi0: -0.109902804721826
V0: 0.0
X0: -25.709184646606445
Y0: 29.83495330810547
lat0: -25.709184646606445
lon0: 29.83495330810547
yaw0: 0.0
