lat0: 0.745483934879303
lon0: -0.054415855556727
yaw0: 0.0
X0:  0.745483934879303
Y0:  -0.054415855556727
Psi0: -0.026981231581249
V0:   0.0