Psi0: 1.0453873380579737
V0: 0.0
X0: -79.28244018554688
Y0: 37.04996871948242
lat0: -79.28244018554688
lon0: 37.04996871948242
yaw0: 0.0
